    unsorted:	 438.6490848 438.6490848 438.6561522 438.1109306 441.5204494 444.8020866 435.0133633 432.0486540 424.8297542 456.8195124 465.2253567 476.3994130 406.0503361 398.1698194 497.6294914 520.5918105 530.8151871 352.0595211 573.7783573 322.2281074 619.9121036 823.4320702 843.7937481 912.7581002 935.6816432 1021.149449 1090.323906 84.73145705 51.56928616 0.006144253458 1207.163986 1247.390893 1537.057703 1687.147581 1818.326565 1920.947466 2058.949574 2206.192847 2273.924935 3879.184608 4532.197431 4869.930917 6908.633119 7874.337949 11111.96333 12851.36366 13790.47514 17407.39067 19027.66441 22691.85062 33074.90079 39808.06453 47423.07173 66023.38935 76801.59457 81670.04434 100613.1856 166282.6541 189778.5157 216330.8179 1227880.130 13727247.93
      sorted:	 0.006144253458 51.56928616 84.73145705 322.2281074 352.0595211 398.1698194 406.0503361 424.8297542 432.0486540 435.0133633 438.1109306 438.6490848 438.6490848 438.6561522 441.5204494 444.8020866 456.8195124 465.2253567 476.3994130 497.6294914 520.5918105 530.8151871 573.7783573 619.9121036 823.4320702 843.7937481 912.7581002 935.6816432 1021.149449 1090.323906 1207.163986 1247.390893 1537.057703 1687.147581 1818.326565 1920.947466 2058.949574 2206.192847 2273.924935 3879.184608 4532.197431 4869.930917 6908.633119 7874.337949 11111.96333 12851.36366 13790.47514 17407.39067 19027.66441 22691.85062 33074.90079 39808.06453 47423.07173 66023.38935 76801.59457 81670.04434 100613.1856 166282.6541 189778.5157 216330.8179 1227880.130 13727247.93
